61
Hyalinobatrachium_esmeralda_KP149361_LSB384                 0.0000000 1.0559303 1.3436176 1.3149960 1.3034016 1.3206640 1.3206640 1.0168421 1.0168421 1.0018394 1.0168421 0.6277497 0.7055726 0.6421638 0.9899545 1.0018394 1.3525840 1.3976680 1.3721743 1.3437298 1.1323607 1.1668481 1.2964672 1.2964672 1.2964672 1.2966312 1.2966312 1.3138615 1.3698472 1.3698472 1.3698472 1.3561500 1.3580328 1.3752805 1.3752805 1.3555571 0.6602463 1.3454426 1.3171728 1.0056892 1.0944263 1.3239534 1.3209645 1.3239534 1.1655501 1.0328789 1.0328789 0.6778401 1.2882843 1.1020874 1.1020874 0.6404804 1.1365088 1.1365088 0.6702494 1.1180536 1.1180536 1.0564484 1.1527659 1.1554238 1.4768253 
Chiasmocleis_cf_jimi_MH919946_MPEG24527                     1.0559303 0.0000000 1.1333261 1.1901357 1.1952604 1.1959041 1.1959041 1.1972002 1.1972002 1.2201395 1.1972002 0.7795832 0.7436783 0.7901545 1.1761243 1.2201395 1.2121595 1.1692965 1.1741656 1.2318637 1.0798865 1.2887138 1.1714507 1.1714507 1.1714507 1.1585742 1.1585742 1.1430831 1.1106777 1.1291720 1.1291720 1.1465656 1.1466161 1.1298173 1.1298173 1.1260580 0.7989805 1.1263094 1.1553424 1.1558634 0.9612363 1.1708979 1.1969213 1.1708979 1.0289622 1.1950341 1.1950341 0.7876744 1.1714507 1.0513950 1.0513950 0.7404636 1.0045744 1.0045744 0.8088644 1.0018258 1.0018258 0.9013267 0.9993697 1.0034369 1.1536358 
Lithobates_palmipes_976956                                  1.3436176 1.1333261 0.0000000 0.0106721 0.0137097 0.0121536 0.0121536 0.0027133 0.0027133 0.0054640 0.0054598 0.0027133 0.3237765 0.0054997 0.0111399 0.0054640 0.0146792 0.0116961 0.0024561 0.0116069 0.0139924 0.0057552 0.0091992 0.0091913 0.0091913 0.0092428 0.0092428 0.0092265 0.0137898 0.0107475 0.0107475 0.0138100 0.0107011 0.0151987 0.0151987 0.0137299 0.0054640 0.0000010 0.0107686 0.0083037 0.0151987 0.0135115 0.0106828 0.0135115 0.0011158 0.0054997 0.0054997 0.0054640 0.0106828 0.0185909 0.0185909 0.0329826 0.0122404 0.0122404 0.0054640 0.0000010 0.0000010 0.0387908 0.0109639 0.0109639 0.0162438 
Lithobates_palmipes_AAGARDA1855                             1.3149960 1.1901357 0.0106721 0.0000000 0.0022985 0.0010869 0.0010869 0.0027154 0.0027154 0.0000010 0.0054640 0.0027154 0.3239469 0.0111543 0.0169396 0.0000010 0.0084186 0.0216232 0.0116069 0.0000010 0.0023497 0.0000010 0.0010902 0.0010894 0.0010894 0.0035961 0.0035961 0.0063994 0.0231250 0.0198629 0.0198629 0.0231616 0.0168057 0.0245527 0.0245527 0.0199945 0.0054682 0.0106811 0.0050022 0.0140321 0.0245527 0.0077395 0.0023002 0.0077395 0.0124344 0.0111543 0.0111543 0.0054682 0.0023002 0.0283799 0.0283799 0.0266613 0.0184372 0.0184372 0.0054682 0.0107097 0.0107097 0.0486435 0.0202504 0.0202504 0.0290469 
Lithobates_palmipes_AAGARDA1858                             1.3034016 1.1952604 0.0137097 0.0022985 0.0000000 0.0036058 0.0036058 0.0027154 0.0027154 0.0000010 0.0054640 0.0027154 0.3239469 0.0111543 0.0169396 0.0000010 0.0116478 0.0252430 0.0149137 0.0024876 0.0000010 0.0000010 0.0036188 0.0036159 0.0036159 0.0036005 0.0036005 0.0093730 0.0231595 0.0231595 0.0231595 0.0231962 0.0200219 0.0279869 0.0279869 0.0233182 0.0054682 0.0137215 0.0079248 0.0140321 0.0279869 0.0107067 0.0050104 0.0107067 0.0155745 0.0111543 0.0111543 0.0054682 0.0050104 0.0320206 0.0320206 0.0266613 0.0217130 0.0217130 0.0054682 0.0137571 0.0137571 0.0533932 0.0236141 0.0236141 0.0362016 
Lithobates_palmipes_AAGARDA1861                             1.3206640 1.1959041 0.0121536 0.0010869 0.0036058 0.0000000 0.0000010 0.0055040 0.0055040 0.0027344 0.0083077 0.0055040 0.3352228 0.0082569 0.0200423 0.0027344 0.0068607 0.0233528 0.0132164 0.0011693 0.0036869 0.0028802 0.0022975 0.0022958 0.0022958 0.0049708 0.0049708 0.0078550 0.0247538 0.0214442 0.0214442 0.0247936 0.0183572 0.0261869 0.0261869 0.0215882 0.0083143 0.0121639 0.0064307 0.0170753 0.0261869 0.0063086 0.0036088 0.0063086 0.0139609 0.0082569 0.0082569 0.0083143 0.0036088 0.0266909 0.0266909 0.0300758 0.0200123 0.0200123 0.0083143 0.0121958 0.0121958 0.0465237 0.0218625 0.0218625 0.0290469 
Lithobates_palmipes_AAGARDA2846                             1.3206640 1.1959041 0.0121536 0.0010869 0.0036058 0.0000010 0.0000000 0.0055040 0.0055040 0.0027344 0.0083077 0.0055040 0.3352228 0.0082569 0.0200423 0.0027344 0.0068607 0.0233528 0.0132164 0.0011693 0.0036869 0.0028802 0.0022975 0.0022958 0.0022958 0.0049708 0.0049708 0.0078550 0.0247538 0.0214442 0.0214442 0.0247936 0.0183572 0.0261869 0.0261869 0.0215882 0.0083143 0.0121639 0.0064307 0.0170753 0.0261869 0.0063086 0.0036088 0.0063086 0.0139609 0.0082569 0.0082569 0.0083143 0.0036088 0.0266909 0.0266909 0.0300758 0.0200123 0.0200123 0.0083143 0.0121958 0.0121958 0.0465237 0.0218625 0.0218625 0.0290469 
Lithobates_palmipes_AF1229                                  1.0168421 1.1972002 0.0027133 0.0027154 0.0027154 0.0055040 0.0055040 0.0000000 0.0000010 0.0024710 0.0024693 0.0000010 0.2939462 0.0075461 0.0127203 0.0024710 0.0031022 0.0062037 0.0030775 0.0030802 0.0027197 0.0027372 0.0027154 0.0027154 0.0027154 0.0000010 0.0000010 0.0000010 0.0054640 0.0054640 0.0054640 0.0054640 0.0082529 0.0111488 0.0111488 0.0082529 0.0075011 0.0027176 0.0000010 0.0101205 0.0101205 0.0027323 0.0027154 0.0027323 0.0027176 0.0075461 0.0075461 0.0075011 0.0027154 0.0075461 0.0075461 0.0268775 0.0075011 0.0075011 0.0079905 0.0024693 0.0024693 0.0075461 0.0051045 0.0051376 9.0000000 
Lithobates_palmipes_AF2339                                  1.0168421 1.1972002 0.0027133 0.0027154 0.0027154 0.0055040 0.0055040 0.0000010 0.0000000 0.0024710 0.0024693 0.0000010 0.2939462 0.0075461 0.0127203 0.0024710 0.0031022 0.0062037 0.0030775 0.0030802 0.0027197 0.0027372 0.0027154 0.0027154 0.0027154 0.0000010 0.0000010 0.0000010 0.0054640 0.0054640 0.0054640 0.0054640 0.0082529 0.0111488 0.0111488 0.0082529 0.0075011 0.0027176 0.0000010 0.0101205 0.0101205 0.0027323 0.0027154 0.0027323 0.0027176 0.0075461 0.0075461 0.0075011 0.0027154 0.0075461 0.0075461 0.0268775 0.0075011 0.0075011 0.0079905 0.0024693 0.0024693 0.0075461 0.0051045 0.0051376 9.0000000 
Lithobates_palmipes_AF3111                                  1.0018394 1.2201395 0.0054640 0.0000010 0.0000010 0.0027344 0.0027344 0.0024710 0.0024710 0.0000000 0.0049692 0.0024710 0.2984163 0.0101250 0.0153585 0.0000010 0.0062543 0.0093777 0.0062037 0.0000010 0.0000010 0.0000010 0.0000010 0.0000010 0.0000010 0.0027154 0.0027154 0.0027154 0.0082529 0.0082529 0.0082529 0.0082529 0.0054682 0.0140321 0.0140321 0.0054682 0.0049727 0.0054729 0.0027154 0.0127296 0.0127296 0.0055040 0.0000010 0.0055040 0.0054729 0.0101250 0.0101250 0.0049727 0.0000010 0.0101250 0.0101250 0.0240555 0.0049727 0.0049727 0.0052953 0.0049692 0.0049692 0.0050025 0.0077066 0.0077570 9.0000000 
Lithobates_palmipes_AF3303                                  1.0168421 1.1972002 0.0054598 0.0054640 0.0054640 0.0083077 0.0083077 0.0024693 0.0024693 0.0049692 0.0000000 0.0024693 0.2939462 0.0101177 0.0153474 0.0049692 0.0062488 0.0093695 0.0061982 0.0062037 0.0054729 0.0055076 0.0054640 0.0054640 0.0054640 0.0027133 0.0027133 0.0027133 0.0082464 0.0082464 0.0082464 0.0082464 0.0110701 0.0140209 0.0140209 0.0110701 0.0100560 0.0054686 0.0027133 0.0127203 0.0127203 0.0054997 0.0054640 0.0054997 0.0054686 0.0101177 0.0101177 0.0100560 0.0054640 0.0101177 0.0101177 0.0297262 0.0100560 0.0100560 0.0107162 0.0049658 0.0049658 0.0101177 0.0077009 0.0077512 9.0000000 
Lithobates_palmipes_AG080                                   0.6277497 0.7795832 0.0027133 0.0027154 0.0027154 0.0055040 0.0055040 0.0000010 0.0000010 0.0024710 0.0024693 0.0000000 0.2048439 0.0073997 0.0127203 0.0024710 0.0026488 0.0052970 0.0026310 0.0026330 0.0039785 0.0027372 0.0027154 0.0027154 0.0027154 0.0000010 0.0000010 0.0000010 0.0054640 0.0054640 0.0054640 0.0054640 0.0082529 0.0111488 0.0111488 0.0082529 0.0094993 0.0027176 0.0000010 0.0101205 0.0092897 0.0027323 0.0027154 0.0027323 0.0039762 0.0075461 0.0075461 0.0077121 0.0027154 0.0073997 0.0073997 0.0256174 0.0074302 0.0074302 0.0078154 0.0036805 0.0036805 0.0073997 0.0056941 0.0057070 9.0000000 
Lithobates_palmipes_AMNHA118801                             0.7055726 0.7436783 0.3237765 0.3239469 0.3239469 0.3352228 0.3352228 0.2939462 0.2939462 0.2984163 0.2939462 0.2048439 0.0000000 0.2134834 0.2840637 0.2984163 0.3209495 0.3102623 0.3148695 0.3150350 0.2271618 0.3144483 0.3239469 0.3239469 0.3239469 0.3190746 0.3190746 0.3190746 0.3190746 0.3190746 0.3190746 0.3190746 0.3239469 0.3128560 0.3128560 0.3239469 0.2182836 0.3237765 0.3190746 0.2885564 0.2054567 0.3302670 0.3239469 0.3302670 0.2270454 0.3034466 0.3034466 0.2195766 0.3239469 0.2134834 0.2134834 0.2154654 0.2118769 0.2118769 0.2179754 0.2117710 0.2117710 0.2204285 0.2045736 0.2064641 9.0000000 
Lithobates_palmipes_AMNHA166454                             0.6421638 0.7901545 0.0054997 0.0111543 0.0111543 0.0082569 0.0082569 0.0075461 0.0075461 0.0101250 0.0101177 0.0073997 0.2134834 0.0000000 0.0101830 0.0101250 0.0052994 0.0026488 0.0053306 0.0108061 0.0080767 0.0112458 0.0111543 0.0111543 0.0111543 0.0083077 0.0083077 0.0083077 0.0027323 0.0027323 0.0027323 0.0027323 0.0055040 0.0083658 0.0083658 0.0055040 0.0056768 0.0055077 0.0083077 0.0075938 0.0055519 0.0054666 0.0111543 0.0054666 0.0039967 0.0000010 0.0000010 0.0038397 0.0111543 0.0000010 0.0000010 0.0257670 0.0036998 0.0036998 0.0038909 0.0036979 0.0036979 0.0036526 0.0018902 0.0018944 9.0000000 
Lithobates_palmipes_BPN3652                                 0.9899545 1.1761243 0.0111399 0.0169396 0.0169396 0.0200423 0.0200423 0.0127203 0.0127203 0.0153585 0.0153474 0.0127203 0.2840637 0.0101830 0.0000000 0.0153585 0.0194809 0.0094447 0.0126816 0.0193196 0.0169689 0.0170819 0.0169396 0.0169396 0.0169396 0.0140209 0.0140209 0.0140209 0.0083037 0.0083037 0.0083037 0.0083037 0.0111488 0.0027141 0.0027141 0.0111488 0.0101205 0.0111586 0.0140209 0.0024700 0.0024700 0.0170616 0.0169396 0.0170616 0.0111586 0.0101830 0.0101830 0.0101205 0.0169396 0.0101830 0.0101830 0.0328577 0.0101205 0.0101205 0.0107897 0.0101132 0.0101132 0.0154577 0.0077506 0.0078016 9.0000000 
Lithobates_palmipes_CAAM27                                  1.0018394 1.2201395 0.0054640 0.0000010 0.0000010 0.0027344 0.0027344 0.0024710 0.0024710 0.0000010 0.0049692 0.0024710 0.2984163 0.0101250 0.0153585 0.0000000 0.0062543 0.0093777 0.0062037 0.0000010 0.0000010 0.0000010 0.0000010 0.0000010 0.0000010 0.0027154 0.0027154 0.0027154 0.0082529 0.0082529 0.0082529 0.0082529 0.0054682 0.0140321 0.0140321 0.0054682 0.0049727 0.0054729 0.0027154 0.0127296 0.0127296 0.0055040 0.0000010 0.0055040 0.0054729 0.0101250 0.0101250 0.0049727 0.0000010 0.0101250 0.0101250 0.0240555 0.0049727 0.0049727 0.0052953 0.0049692 0.0049692 0.0050025 0.0077066 0.0077570 9.0000000 
Lithobates_palmipes_CFBH_18548                              1.3525840 1.2121595 0.0146792 0.0084186 0.0116478 0.0068607 0.0068607 0.0031022 0.0031022 0.0062543 0.0062488 0.0026488 0.3209495 0.0052994 0.0194809 0.0062543 0.0000000 0.0235884 0.0130526 0.0074733 0.0103384 0.0066389 0.0068496 0.0068496 0.0068496 0.0068901 0.0068901 0.0100540 0.0284492 0.0248094 0.0248094 0.0284997 0.0246818 0.0299868 0.0299868 0.0283003 0.0108061 0.0146926 0.0024981 0.0161207 0.0275917 0.0000010 0.0084275 0.0000010 0.0145239 0.0062070 0.0062070 0.0108061 0.0084275 0.0287290 0.0287290 0.0388484 0.0250822 0.0250822 0.0108061 0.0130656 0.0130656 0.0490451 0.0235884 0.0235884 0.0365864 
Lithobates_palmipes_CFBH_18987                              1.3976680 1.1692965 0.0116961 0.0216232 0.0252430 0.0233528 0.0233528 0.0062037 0.0062037 0.0093777 0.0093695 0.0052970 0.3102623 0.0026488 0.0094447 0.0093777 0.0235884 0.0000000 0.0090794 0.0207357 0.0239546 0.0099541 0.0198860 0.0198860 0.0198860 0.0200174 0.0200174 0.0199757 0.0024921 0.0000010 0.0000010 0.0024953 0.0024822 0.0069679 0.0069679 0.0024824 0.0026330 0.0117068 0.0202396 0.0062509 0.0064287 0.0248094 0.0216487 0.0248094 0.0133316 0.0031022 0.0031022 0.0026330 0.0216487 0.0149576 0.0149576 0.0353234 0.0010549 0.0010549 0.0026330 0.0118568 0.0118568 0.0435146 0.0000010 0.0000010 0.0018825 
Lithobates_palmipes_CFBH_21865                              1.3721743 1.1741656 0.0024561 0.0116069 0.0149137 0.0132164 0.0132164 0.0030775 0.0030775 0.0062037 0.0061982 0.0026310 0.3148695 0.0053306 0.0126816 0.0062037 0.0130526 0.0090794 0.0000000 0.0103061 0.0132373 0.0065817 0.0099969 0.0099969 0.0099969 0.0100579 0.0100579 0.0100386 0.0119048 0.0086116 0.0086116 0.0119236 0.0085715 0.0134487 0.0134487 0.0118488 0.0052970 0.0024581 0.0101711 0.0094447 0.0123900 0.0146792 0.0116195 0.0146792 0.0034482 0.0062488 0.0062488 0.0052970 0.0116195 0.0195091 0.0195091 0.0384866 0.0105075 0.0105075 0.0052970 0.0022009 0.0022009 0.0396776 0.0090794 0.0090794 0.0130702 
Lithobates_palmipes_CFBH_23401                              1.3437298 1.2318637 0.0116069 0.0000010 0.0024876 0.0011693 0.0011693 0.0030802 0.0030802 0.0000010 0.0062037 0.0026330 0.3150350 0.0108061 0.0193196 0.0000010 0.0074733 0.0207357 0.0103061 0.0000000 0.0022216 0.0000010 0.0011723 0.0011723 0.0011723 0.0039041 0.0039041 0.0069686 0.0252017 0.0216232 0.0216232 0.0252456 0.0182916 0.0267477 0.0267477 0.0217801 0.0053010 0.0116175 0.0054386 0.0159908 0.0246100 0.0084186 0.0024896 0.0084186 0.0117635 0.0127002 0.0127002 0.0053010 0.0024896 0.0290457 0.0290457 0.0321907 0.0193071 0.0193071 0.0053010 0.0103168 0.0103168 0.0476839 0.0207357 0.0207357 0.0311136 
Lithobates_palmipes_CFBH_26581                              1.1323607 1.0798865 0.0139924 0.0023497 0.0000010 0.0036869 0.0036869 0.0027197 0.0027197 0.0000010 0.0054729 0.0039785 0.2271618 0.0080767 0.0169689 0.0000010 0.0103384 0.0239546 0.0132373 0.0022216 0.0000000 0.0000010 0.0036974 0.0036974 0.0036974 0.0036813 0.0036813 0.0095746 0.0236360 0.0236360 0.0236360 0.0236743 0.0204342 0.0285638 0.0285638 0.0238014 0.0061584 0.0140046 0.0080907 0.0140560 0.0236843 0.0109309 0.0051229 0.0109309 0.0125691 0.0111730 0.0111730 0.0041712 0.0051229 0.0275069 0.0275069 0.0235728 0.0191929 0.0191929 0.0039807 0.0113535 0.0113535 0.0430245 0.0203566 0.0203547 0.0381205 
Lithobates_palmipes_CM010                                   1.1668481 1.2887138 0.0057552 0.0000010 0.0000010 0.0028802 0.0028802 0.0027372 0.0027372 0.0000010 0.0055076 0.0027372 0.3144483 0.0112458 0.0170819 0.0000010 0.0066389 0.0099541 0.0065817 0.0000010 0.0000010 0.0000000 0.0000010 0.0000010 0.0000010 0.0028590 0.0028590 0.0028590 0.0086958 0.0086958 0.0086958 0.0086958 0.0057598 0.0148017 0.0148017 0.0057598 0.0055119 0.0057650 0.0028590 0.0141486 0.0141486 0.0057995 0.0000010 0.0057995 0.0057650 0.0112458 0.0112458 0.0055119 0.0000010 0.0112458 0.0112458 0.0269006 0.0055119 0.0055119 0.0055683 0.0055076 0.0055076 0.0055473 0.0083186 0.0083186 9.0000000 
Lithobates_palmipes_FRD1336                                 1.2964672 1.1714507 0.0091992 0.0010902 0.0036188 0.0022975 0.0022975 0.0027154 0.0027154 0.0000010 0.0054640 0.0027154 0.3239469 0.0111543 0.0169396 0.0000010 0.0068496 0.0198860 0.0099969 0.0011723 0.0036974 0.0000010 0.0000000 0.0000010 0.0000010 0.0022920 0.0022920 0.0049729 0.0215068 0.0182917 0.0182917 0.0215403 0.0152645 0.0229285 0.0229285 0.0184112 0.0054682 0.0092069 0.0036171 0.0140321 0.0229285 0.0063045 0.0010910 0.0063045 0.0109060 0.0111543 0.0111543 0.0054682 0.0010910 0.0266696 0.0266696 0.0266613 0.0168557 0.0168557 0.0054682 0.0092242 0.0092242 0.0464170 0.0186312 0.0186312 0.0257079 
Lithobates_palmipes_FSCHUFPB10009                           1.2964672 1.1714507 0.0091913 0.0010894 0.0036159 0.0022958 0.0022958 0.0027154 0.0027154 0.0000010 0.0054640 0.0027154 0.3239469 0.0111543 0.0169396 0.0000010 0.0068496 0.0198860 0.0099969 0.0011723 0.0036974 0.0000010 0.0000010 0.0000000 0.0000010 0.0022903 0.0022903 0.0049689 0.0214865 0.0182750 0.0182750 0.0215199 0.0152508 0.0229068 0.0229068 0.0183942 0.0054682 0.0091989 0.0036171 0.0140321 0.0229068 0.0062993 0.0010903 0.0062993 0.0109060 0.0111543 0.0111543 0.0054682 0.0010903 0.0266430 0.0266430 0.0266613 0.0168557 0.0168557 0.0054682 0.0092242 0.0092242 0.0464170 0.0186312 0.0186312 0.0257079 
Lithobates_palmipes_FSCHUFPB10010                           1.2964672 1.1714507 0.0091913 0.0010894 0.0036159 0.0022958 0.0022958 0.0027154 0.0027154 0.0000010 0.0054640 0.0027154 0.3239469 0.0111543 0.0169396 0.0000010 0.0068496 0.0198860 0.0099969 0.0011723 0.0036974 0.0000010 0.0000010 0.0000010 0.0000000 0.0022903 0.0022903 0.0049689 0.0214865 0.0182750 0.0182750 0.0215199 0.0152508 0.0229068 0.0229068 0.0183942 0.0054682 0.0091989 0.0036171 0.0140321 0.0229068 0.0062993 0.0010903 0.0062993 0.0109060 0.0111543 0.0111543 0.0054682 0.0010903 0.0266430 0.0266430 0.0266613 0.0168557 0.0168557 0.0054682 0.0092242 0.0092242 0.0464170 0.0186312 0.0186312 0.0257079 
Lithobates_palmipes_GFH100                                  1.2966312 1.1585742 0.0092428 0.0035961 0.0036005 0.0049708 0.0049708 0.0000010 0.0000010 0.0027154 0.0027133 0.0000010 0.3190746 0.0083077 0.0140209 0.0027154 0.0068901 0.0200174 0.0100579 0.0039041 0.0036813 0.0028590 0.0022920 0.0022903 0.0022903 0.0000000 0.0000010 0.0049954 0.0183852 0.0183852 0.0183852 0.0184131 0.0183010 0.0230502 0.0230502 0.0215199 0.0082529 0.0092506 0.0036356 0.0111488 0.0230502 0.0063334 0.0035994 0.0063334 0.0109692 0.0083077 0.0083077 0.0082529 0.0035994 0.0268192 0.0268192 0.0298053 0.0199499 0.0199499 0.0082529 0.0092761 0.0092761 0.0505914 0.0187458 0.0187458 0.0291073 
Lithobates_palmipes_GFH101                                  1.2966312 1.1585742 0.0092428 0.0035961 0.0036005 0.0049708 0.0049708 0.0000010 0.0000010 0.0027154 0.0027133 0.0000010 0.3190746 0.0083077 0.0140209 0.0027154 0.0068901 0.0200174 0.0100579 0.0039041 0.0036813 0.0028590 0.0022920 0.0022903 0.0022903 0.0000010 0.0000000 0.0049954 0.0183852 0.0183852 0.0183852 0.0184131 0.0183010 0.0230502 0.0230502 0.0215199 0.0082529 0.0092506 0.0036356 0.0111488 0.0230502 0.0063334 0.0035994 0.0063334 0.0109692 0.0083077 0.0083077 0.0082529 0.0035994 0.0268192 0.0268192 0.0298053 0.0199499 0.0199499 0.0082529 0.0092761 0.0092761 0.0505914 0.0187458 0.0187458 0.0291073 
Lithobates_palmipes_GRColli14822                            1.3138615 1.1430831 0.0092265 0.0063994 0.0093730 0.0078550 0.0078550 0.0000010 0.0000010 0.0027154 0.0027133 0.0000010 0.3190746 0.0083077 0.0140209 0.0027154 0.0100540 0.0199757 0.0100386 0.0069686 0.0095746 0.0028590 0.0049729 0.0049689 0.0049689 0.0049954 0.0049954 0.0000000 0.0215779 0.0183503 0.0183503 0.0216117 0.0182654 0.0230047 0.0230047 0.0214779 0.0082529 0.0092342 0.0064635 0.0111488 0.0230047 0.0092396 0.0064057 0.0092396 0.0109492 0.0083077 0.0083077 0.0082529 0.0064057 0.0267632 0.0267632 0.0298053 0.0199115 0.0199115 0.0082529 0.0092597 0.0092597 0.0504513 0.0187095 0.0187095 0.0289885 
Lithobates_palmipes_GRColli4232                             1.3698472 1.1106777 0.0137898 0.0231250 0.0231595 0.0247538 0.0247538 0.0054640 0.0054640 0.0082529 0.0082464 0.0054640 0.3190746 0.0027323 0.0083037 0.0082529 0.0284492 0.0024921 0.0119048 0.0252017 0.0236360 0.0086958 0.0215068 0.0214865 0.0214865 0.0183852 0.0183852 0.0215779 0.0000000 0.0023023 0.0023023 0.0023050 0.0049887 0.0093595 0.0093595 0.0049890 0.0027154 0.0138017 0.0218660 0.0055014 0.0093595 0.0261103 0.0231506 0.0261103 0.0156685 0.0027323 0.0027323 0.0027154 0.0231506 0.0186772 0.0186772 0.0298053 0.0036154 0.0036154 0.0027154 0.0138377 0.0138377 0.0488329 0.0023519 0.0023519 0.0074266 
Lithobates_palmipes_GRColli4233                             1.3698472 1.1291720 0.0107475 0.0198629 0.0231595 0.0214442 0.0214442 0.0054640 0.0054640 0.0082529 0.0082464 0.0054640 0.3190746 0.0027323 0.0083037 0.0082529 0.0248094 0.0000010 0.0086116 0.0216232 0.0236360 0.0086958 0.0182917 0.0182750 0.0182750 0.0183852 0.0183852 0.0183503 0.0023023 0.0000000 0.0000010 0.0023050 0.0022940 0.0063989 0.0063989 0.0022941 0.0027154 0.0107566 0.0185905 0.0055014 0.0063989 0.0227967 0.0198843 0.0227967 0.0125250 0.0027323 0.0027323 0.0027154 0.0198843 0.0154796 0.0154796 0.0298053 0.0010911 0.0010911 0.0027154 0.0107856 0.0107856 0.0443756 0.0000010 0.0000010 0.0019589 
Lithobates_palmipes_H1125                                   1.3698472 1.1291720 0.0107475 0.0198629 0.0231595 0.0214442 0.0214442 0.0054640 0.0054640 0.0082529 0.0082464 0.0054640 0.3190746 0.0027323 0.0083037 0.0082529 0.0248094 0.0000010 0.0086116 0.0216232 0.0236360 0.0086958 0.0182917 0.0182750 0.0182750 0.0183852 0.0183852 0.0183503 0.0023023 0.0000010 0.0000000 0.0023050 0.0022940 0.0063989 0.0063989 0.0022941 0.0027154 0.0107566 0.0185905 0.0055014 0.0063989 0.0227967 0.0198843 0.0227967 0.0125250 0.0027323 0.0027323 0.0027154 0.0198843 0.0154796 0.0154796 0.0298053 0.0010911 0.0010911 0.0027154 0.0107856 0.0107856 0.0443756 0.0000010 0.0000010 0.0019589 
Lithobates_palmipes_H1492                                   1.3561500 1.1465656 0.0138100 0.0231616 0.0231962 0.0247936 0.0247936 0.0054640 0.0054640 0.0082529 0.0082464 0.0054640 0.3190746 0.0027323 0.0083037 0.0082529 0.0284997 0.0024953 0.0119236 0.0252456 0.0236743 0.0086958 0.0215403 0.0215199 0.0215199 0.0184131 0.0184131 0.0216117 0.0023050 0.0023050 0.0023050 0.0000000 0.0049953 0.0093729 0.0093729 0.0049957 0.0027154 0.0138219 0.0219008 0.0055014 0.0093729 0.0261524 0.0231873 0.0261524 0.0156922 0.0027323 0.0027323 0.0027154 0.0231873 0.0187061 0.0187061 0.0298053 0.0036200 0.0036200 0.0027154 0.0138580 0.0138580 0.0489405 0.0023547 0.0023547 0.0074479 
Lithobates_palmipes_INPAHT3220                              1.3580328 1.1466161 0.0107011 0.0168057 0.0200219 0.0183572 0.0183572 0.0082529 0.0082529 0.0054682 0.0110701 0.0082529 0.3239469 0.0055040 0.0111488 0.0054682 0.0246818 0.0024822 0.0085715 0.0182916 0.0204342 0.0057598 0.0152645 0.0152508 0.0152508 0.0183010 0.0183010 0.0182654 0.0049887 0.0022940 0.0022940 0.0049953 0.0000000 0.0093192 0.0093192 0.0023058 0.0000010 0.0107101 0.0185033 0.0083102 0.0093192 0.0226897 0.0168234 0.0226897 0.0124691 0.0055040 0.0055040 0.0000010 0.0168234 0.0154096 0.0154096 0.0266613 0.0010962 0.0010962 0.0000010 0.0107389 0.0107389 0.0447664 0.0023433 0.0023433 0.0000010 
Lithobates_palmipes_INPAHT7544                              1.3752805 1.1298173 0.0151987 0.0245527 0.0279869 0.0261869 0.0261869 0.0111488 0.0111488 0.0140321 0.0140209 0.0111488 0.3128560 0.0083658 0.0027141 0.0140321 0.0299868 0.0069679 0.0134487 0.0267477 0.0285638 0.0148017 0.0229285 0.0229068 0.0229068 0.0230502 0.0230502 0.0230047 0.0093595 0.0063989 0.0063989 0.0093729 0.0093192 0.0000000 0.0000010 0.0093198 0.0083102 0.0152118 0.0233119 0.0000010 0.0000010 0.0275318 0.0245800 0.0275318 0.0171084 0.0083658 0.0083658 0.0083102 0.0245800 0.0201164 0.0201164 0.0332698 0.0078568 0.0078568 0.0083102 0.0152507 0.0152507 0.0504507 0.0065344 0.0065344 0.0104480 
Lithobates_palmipes_INPAHT7545                              1.3752805 1.1298173 0.0151987 0.0245527 0.0279869 0.0261869 0.0261869 0.0111488 0.0111488 0.0140321 0.0140209 0.0111488 0.3128560 0.0083658 0.0027141 0.0140321 0.0299868 0.0069679 0.0134487 0.0267477 0.0285638 0.0148017 0.0229285 0.0229068 0.0229068 0.0230502 0.0230502 0.0230047 0.0093595 0.0063989 0.0063989 0.0093729 0.0093192 0.0000010 0.0000000 0.0093198 0.0083102 0.0152118 0.0233119 0.0000010 0.0000010 0.0275318 0.0245800 0.0275318 0.0171084 0.0083658 0.0083658 0.0083102 0.0245800 0.0201164 0.0201164 0.0332698 0.0078568 0.0078568 0.0083102 0.0152507 0.0152507 0.0504507 0.0065344 0.0065344 0.0104480 
Lithobates_palmipes_INPAHT8185                              1.3555571 1.1260580 0.0137299 0.0199945 0.0233182 0.0215882 0.0215882 0.0082529 0.0082529 0.0054682 0.0110701 0.0082529 0.3239469 0.0055040 0.0111488 0.0054682 0.0283003 0.0024824 0.0118488 0.0217801 0.0238014 0.0057598 0.0184112 0.0183942 0.0183942 0.0215199 0.0215199 0.0214779 0.0049890 0.0022941 0.0022941 0.0049957 0.0023058 0.0093198 0.0093198 0.0000000 0.0000010 0.0137417 0.0217631 0.0083102 0.0093198 0.0259860 0.0200161 0.0259860 0.0155980 0.0055040 0.0055040 0.0000010 0.0200161 0.0185916 0.0185916 0.0266613 0.0010962 0.0010962 0.0000010 0.0137773 0.0137773 0.0447730 0.0023434 0.0023434 0.0045064 
Lithobates_palmipes_KU202896                                0.6602463 0.7989805 0.0054640 0.0054682 0.0054682 0.0083143 0.0083143 0.0075011 0.0075011 0.0049727 0.0100560 0.0094993 0.2182836 0.0056768 0.0101205 0.0049727 0.0108061 0.0026330 0.0052970 0.0053010 0.0061584 0.0055119 0.0054682 0.0054682 0.0054682 0.0082529 0.0082529 0.0082529 0.0027154 0.0027154 0.0027154 0.0027154 0.0000010 0.0083102 0.0083102 0.0000010 0.0000000 0.0054729 0.0082529 0.0075482 0.0076034 0.0111543 0.0054682 0.0111543 0.0061548 0.0050025 0.0050025 0.0019109 0.0054682 0.0056768 0.0056768 0.0242441 0.0018666 0.0018666 0.0019818 0.0056486 0.0056486 0.0056768 0.0038747 0.0038938 9.0000000 
Lithobates_palmipes_MAPT1437                                1.3454426 1.1263094 0.0000010 0.0106811 0.0137215 0.0121639 0.0121639 0.0027176 0.0027176 0.0054729 0.0054686 0.0027176 0.3237765 0.0055077 0.0111586 0.0054729 0.0146926 0.0117068 0.0024581 0.0116175 0.0140046 0.0057650 0.0092069 0.0091989 0.0091989 0.0092506 0.0092506 0.0092342 0.0138017 0.0107566 0.0107566 0.0138219 0.0107101 0.0152118 0.0152118 0.0137417 0.0054729 0.0000000 0.0107777 0.0083173 0.0152118 0.0135228 0.0106918 0.0135228 0.0011166 0.0055077 0.0055077 0.0054729 0.0106918 0.0186075 0.0186075 0.0330466 0.0122508 0.0122508 0.0054729 0.0000010 0.0000010 0.0388338 0.0109733 0.0109733 0.0162438 
Lithobates_palmipes_MAPT2415                                1.3171728 1.1553424 0.0107686 0.0050022 0.0079248 0.0064307 0.0064307 0.0000010 0.0000010 0.0027154 0.0027133 0.0000010 0.3190746 0.0083077 0.0140209 0.0027154 0.0024981 0.0202396 0.0101711 0.0054386 0.0080907 0.0028590 0.0036171 0.0036171 0.0036171 0.0036356 0.0036356 0.0064635 0.0218660 0.0185905 0.0185905 0.0219008 0.0185033 0.0233119 0.0233119 0.0217631 0.0082529 0.0107777 0.0000000 0.0111488 0.0233119 0.0023105 0.0050070 0.0023105 0.0125358 0.0083077 0.0083077 0.0082529 0.0050070 0.0286463 0.0286463 0.0298053 0.0201547 0.0201547 0.0082529 0.0107973 0.0107973 0.0504876 0.0189408 0.0189408 0.0297252 
Lithobates_palmipes_MTR20704                                1.0056892 1.1558634 0.0083037 0.0140321 0.0140321 0.0170753 0.0170753 0.0101205 0.0101205 0.0127296 0.0127203 0.0101205 0.2885564 0.0075938 0.0024700 0.0127296 0.0161207 0.0062509 0.0094447 0.0159908 0.0140560 0.0141486 0.0140321 0.0140321 0.0140321 0.0111488 0.0111488 0.0111488 0.0055014 0.0055014 0.0055014 0.0055014 0.0083102 0.0000010 0.0000010 0.0083102 0.0075482 0.0083173 0.0111488 0.0000000 0.0000010 0.0141308 0.0140321 0.0141308 0.0083173 0.0075938 0.0075938 0.0075482 0.0140321 0.0075938 0.0075938 0.0299552 0.0075482 0.0075482 0.0080441 0.0075428 0.0075428 0.0128100 0.0051372 0.0051707 9.0000000 
Lithobates_palmipes_MTR20842                                1.0944263 0.9612363 0.0151987 0.0245527 0.0279869 0.0261869 0.0261869 0.0101205 0.0101205 0.0127296 0.0127203 0.0092897 0.2054567 0.0055519 0.0024700 0.0127296 0.0275917 0.0064287 0.0123900 0.0246100 0.0236843 0.0141486 0.0229285 0.0229068 0.0229068 0.0230502 0.0230502 0.0230047 0.0093595 0.0063989 0.0063989 0.0093729 0.0093192 0.0000010 0.0000010 0.0093198 0.0076034 0.0152118 0.0233119 0.0000010 0.0000000 0.0275318 0.0245800 0.0275318 0.0142669 0.0075938 0.0075938 0.0057870 0.0245800 0.0159100 0.0159100 0.0257577 0.0062866 0.0062866 0.0058644 0.0121798 0.0121798 0.0384169 0.0053065 0.0053136 0.0104480 
Lithobates_palmipes_MUFAL10786                              1.3239534 1.1708979 0.0135115 0.0077395 0.0107067 0.0063086 0.0063086 0.0027323 0.0027323 0.0055040 0.0054997 0.0027323 0.3302670 0.0054666 0.0170616 0.0055040 0.0000010 0.0248094 0.0146792 0.0084186 0.0109309 0.0057995 0.0063045 0.0062993 0.0062993 0.0063334 0.0063334 0.0092396 0.0261103 0.0227967 0.0227967 0.0261524 0.0226897 0.0275318 0.0275318 0.0259860 0.0111543 0.0135228 0.0023105 0.0141308 0.0275318 0.0000000 0.0077471 0.0000010 0.0153417 0.0054666 0.0054666 0.0111543 0.0077471 0.0280621 0.0280621 0.0332883 0.0243856 0.0243856 0.0111543 0.0135575 0.0135575 0.0500216 0.0232367 0.0232367 0.0347102 
Lithobates_palmipes_MUFAL12570                              1.3209645 1.1969213 0.0106828 0.0023002 0.0050104 0.0036088 0.0036088 0.0027154 0.0027154 0.0000010 0.0054640 0.0027154 0.3239469 0.0111543 0.0169396 0.0000010 0.0084275 0.0216487 0.0116195 0.0024896 0.0051229 0.0000010 0.0010910 0.0010903 0.0010903 0.0035994 0.0035994 0.0064057 0.0231506 0.0198843 0.0198843 0.0231873 0.0168234 0.0245800 0.0245800 0.0200161 0.0054682 0.0106918 0.0050070 0.0140321 0.0245800 0.0077471 0.0000000 0.0077471 0.0124472 0.0111543 0.0111543 0.0054682 0.0023022 0.0284133 0.0284133 0.0266613 0.0184569 0.0184569 0.0054682 0.0107205 0.0107205 0.0487168 0.0202726 0.0202726 0.0291131 
Lithobates_palmipes_MUFAL6742                               1.3239534 1.1708979 0.0135115 0.0077395 0.0107067 0.0063086 0.0063086 0.0027323 0.0027323 0.0055040 0.0054997 0.0027323 0.3302670 0.0054666 0.0170616 0.0055040 0.0000010 0.0248094 0.0146792 0.0084186 0.0109309 0.0057995 0.0063045 0.0062993 0.0062993 0.0063334 0.0063334 0.0092396 0.0261103 0.0227967 0.0227967 0.0261524 0.0226897 0.0275318 0.0275318 0.0259860 0.0111543 0.0135228 0.0023105 0.0141308 0.0275318 0.0000010 0.0077471 0.0000000 0.0153417 0.0054666 0.0054666 0.0111543 0.0077471 0.0280621 0.0280621 0.0332883 0.0243856 0.0243856 0.0111543 0.0135575 0.0135575 0.0500216 0.0232367 0.0232367 0.0347102 
Lithobates_palmipes_TG204                                   1.1655501 1.0289622 0.0011158 0.0124344 0.0155745 0.0139609 0.0139609 0.0027176 0.0027176 0.0054729 0.0054686 0.0039762 0.2270454 0.0039967 0.0111586 0.0054729 0.0145239 0.0133316 0.0034482 0.0117635 0.0125691 0.0057650 0.0109060 0.0109060 0.0109060 0.0109692 0.0109692 0.0109492 0.0156685 0.0125250 0.0125250 0.0156922 0.0124691 0.0171084 0.0171084 0.0155980 0.0061548 0.0011166 0.0125358 0.0083173 0.0142669 0.0153417 0.0124472 0.0153417 0.0000000 0.0055077 0.0055077 0.0041687 0.0124472 0.0179293 0.0179293 0.0281114 0.0126438 0.0126438 0.0039785 0.0009330 0.0009330 0.0332281 0.0113686 0.0113686 0.0216461 
Lithobates_palmipes_TJC1174                                 1.0328789 1.1950341 0.0054997 0.0111543 0.0111543 0.0082569 0.0082569 0.0075461 0.0075461 0.0101250 0.0101177 0.0075461 0.3034466 0.0000010 0.0101830 0.0101250 0.0062070 0.0031022 0.0062488 0.0127002 0.0111730 0.0112458 0.0111543 0.0111543 0.0111543 0.0083077 0.0083077 0.0083077 0.0027323 0.0027323 0.0027323 0.0027323 0.0055040 0.0083658 0.0083658 0.0055040 0.0050025 0.0055077 0.0083077 0.0075938 0.0075938 0.0054666 0.0111543 0.0054666 0.0055077 0.0000000 0.0000010 0.0050025 0.0111543 0.0000010 0.0000010 0.0299701 0.0050025 0.0050025 0.0053288 0.0049989 0.0049989 0.0049713 0.0025525 0.0025691 9.0000000 
Lithobates_palmipes_TJC1289                                 1.0328789 1.1950341 0.0054997 0.0111543 0.0111543 0.0082569 0.0082569 0.0075461 0.0075461 0.0101250 0.0101177 0.0075461 0.3034466 0.0000010 0.0101830 0.0101250 0.0062070 0.0031022 0.0062488 0.0127002 0.0111730 0.0112458 0.0111543 0.0111543 0.0111543 0.0083077 0.0083077 0.0083077 0.0027323 0.0027323 0.0027323 0.0027323 0.0055040 0.0083658 0.0083658 0.0055040 0.0050025 0.0055077 0.0083077 0.0075938 0.0075938 0.0054666 0.0111543 0.0054666 0.0055077 0.0000010 0.0000000 0.0050025 0.0111543 0.0000010 0.0000010 0.0299701 0.0050025 0.0050025 0.0053288 0.0049989 0.0049989 0.0049713 0.0025525 0.0025691 9.0000000 
Lithobates_palmipes_TNHCWED54116                            0.6778401 0.7876744 0.0054640 0.0054682 0.0054682 0.0083143 0.0083143 0.0075011 0.0075011 0.0049727 0.0100560 0.0077121 0.2195766 0.0038397 0.0101205 0.0049727 0.0108061 0.0026330 0.0052970 0.0053010 0.0041712 0.0055119 0.0054682 0.0054682 0.0054682 0.0082529 0.0082529 0.0082529 0.0027154 0.0027154 0.0027154 0.0027154 0.0000010 0.0083102 0.0083102 0.0000010 0.0019109 0.0054729 0.0082529 0.0075482 0.0057870 0.0111543 0.0054682 0.0111543 0.0041687 0.0050025 0.0050025 0.0000000 0.0054682 0.0038397 0.0038397 0.0225651 0.0000010 0.0000010 0.0000010 0.0038209 0.0038209 0.0038397 0.0019671 0.0019769 9.0000000 
Lithobates_palmipes_URCA5078                                1.2882843 1.1714507 0.0106828 0.0023002 0.0050104 0.0036088 0.0036088 0.0027154 0.0027154 0.0000010 0.0054640 0.0027154 0.3239469 0.0111543 0.0169396 0.0000010 0.0084275 0.0216487 0.0116195 0.0024896 0.0051229 0.0000010 0.0010910 0.0010903 0.0010903 0.0035994 0.0035994 0.0064057 0.0231506 0.0198843 0.0198843 0.0231873 0.0168234 0.0245800 0.0245800 0.0200161 0.0054682 0.0106918 0.0050070 0.0140321 0.0245800 0.0077471 0.0023022 0.0077471 0.0124472 0.0111543 0.0111543 0.0054682 0.0000000 0.0284133 0.0284133 0.0266613 0.0184569 0.0184569 0.0054682 0.0107205 0.0107205 0.0464170 0.0202726 0.0202726 0.0291131 
Lithobates_palmipes_AJC_3266_SierraImataca_DeltaAmacuro_VE  1.1020874 1.0513950 0.0185909 0.0283799 0.0320206 0.0266909 0.0266909 0.0075461 0.0075461 0.0101250 0.0101177 0.0073997 0.2134834 0.0000010 0.0101830 0.0101250 0.0287290 0.0149576 0.0195091 0.0290457 0.0275069 0.0112458 0.0266696 0.0266430 0.0266430 0.0268192 0.0268192 0.0267632 0.0186772 0.0154796 0.0154796 0.0187061 0.0154096 0.0201164 0.0201164 0.0185916 0.0056768 0.0186075 0.0286463 0.0075938 0.0159100 0.0280621 0.0284133 0.0280621 0.0179293 0.0000010 0.0000010 0.0038397 0.0284133 0.0000000 0.0000010 0.0257670 0.0131626 0.0131626 0.0038909 0.0156255 0.0156255 0.0421535 0.0123428 0.0123600 0.0242910 
Lithobates_palmipes_AJC_3267_SierraImataca_DeltaAmacuro_VE  1.1020874 1.0513950 0.0185909 0.0283799 0.0320206 0.0266909 0.0266909 0.0075461 0.0075461 0.0101250 0.0101177 0.0073997 0.2134834 0.0000010 0.0101830 0.0101250 0.0287290 0.0149576 0.0195091 0.0290457 0.0275069 0.0112458 0.0266696 0.0266430 0.0266430 0.0268192 0.0268192 0.0267632 0.0186772 0.0154796 0.0154796 0.0187061 0.0154096 0.0201164 0.0201164 0.0185916 0.0056768 0.0186075 0.0286463 0.0075938 0.0159100 0.0280621 0.0284133 0.0280621 0.0179293 0.0000010 0.0000010 0.0038397 0.0284133 0.0000010 0.0000000 0.0257670 0.0131626 0.0131626 0.0038909 0.0156255 0.0156255 0.0421535 0.0123428 0.0123600 0.0242910 
Lithobates_aff_palmipes_IDLAR_4198_Chalalan_LaPaz_BO        0.6404804 0.7404636 0.0329826 0.0266613 0.0266613 0.0300758 0.0300758 0.0268775 0.0268775 0.0240555 0.0297262 0.0256174 0.2154654 0.0257670 0.0328577 0.0240555 0.0388484 0.0353234 0.0384866 0.0321907 0.0235728 0.0269006 0.0266613 0.0266613 0.0266613 0.0298053 0.0298053 0.0298053 0.0298053 0.0298053 0.0298053 0.0298053 0.0266613 0.0332698 0.0332698 0.0266613 0.0242441 0.0330466 0.0298053 0.0299552 0.0257577 0.0332883 0.0266613 0.0332883 0.0281114 0.0299701 0.0299701 0.0225651 0.0266613 0.0257670 0.0257670 0.0000000 0.0216889 0.0216889 0.0228919 0.0258456 0.0258456 0.0257670 0.0244393 0.0245021 9.0000000 
Lithobates_palmipes_JMP_1615_Pucaurquillo_Loreto_PE         1.1365088 1.0045744 0.0122404 0.0184372 0.0217130 0.0200123 0.0200123 0.0075011 0.0075011 0.0049727 0.0100560 0.0074302 0.2118769 0.0036998 0.0101205 0.0049727 0.0250822 0.0010549 0.0105075 0.0193071 0.0191929 0.0055119 0.0168557 0.0168557 0.0168557 0.0199499 0.0199499 0.0199115 0.0036154 0.0010911 0.0010911 0.0036200 0.0010962 0.0078568 0.0078568 0.0010962 0.0018666 0.0122508 0.0201547 0.0075482 0.0062866 0.0243856 0.0184569 0.0243856 0.0126438 0.0050025 0.0050025 0.0000010 0.0184569 0.0131626 0.0131626 0.0216889 0.0000000 0.0000010 0.0000010 0.0106709 0.0106709 0.0327135 0.0009071 0.0009092 0.0018301 
Lithobates_palmipes_JMP_1616_Pucaurquillo_Loreto_PE         1.1365088 1.0045744 0.0122404 0.0184372 0.0217130 0.0200123 0.0200123 0.0075011 0.0075011 0.0049727 0.0100560 0.0074302 0.2118769 0.0036998 0.0101205 0.0049727 0.0250822 0.0010549 0.0105075 0.0193071 0.0191929 0.0055119 0.0168557 0.0168557 0.0168557 0.0199499 0.0199499 0.0199115 0.0036154 0.0010911 0.0010911 0.0036200 0.0010962 0.0078568 0.0078568 0.0010962 0.0018666 0.0122508 0.0201547 0.0075482 0.0062866 0.0243856 0.0184569 0.0243856 0.0126438 0.0050025 0.0050025 0.0000010 0.0184569 0.0131626 0.0131626 0.0216889 0.0000010 0.0000000 0.0000010 0.0106709 0.0106709 0.0327135 0.0009071 0.0009092 0.0018301 
Lithobates_palmipes_NMP6V_71187-1_PuertoAlmendras_Loreto_PE 0.6702494 0.8088644 0.0054640 0.0054682 0.0054682 0.0083143 0.0083143 0.0079905 0.0079905 0.0052953 0.0107162 0.0078154 0.2179754 0.0038909 0.0107897 0.0052953 0.0108061 0.0026330 0.0052970 0.0053010 0.0039807 0.0055683 0.0054682 0.0054682 0.0054682 0.0082529 0.0082529 0.0082529 0.0027154 0.0027154 0.0027154 0.0027154 0.0000010 0.0083102 0.0083102 0.0000010 0.0019818 0.0054729 0.0082529 0.0080441 0.0058644 0.0111543 0.0054682 0.0111543 0.0039785 0.0053288 0.0053288 0.0000010 0.0054682 0.0038909 0.0038909 0.0228919 0.0000010 0.0000010 0.0000000 0.0039063 0.0039063 0.0038909 0.0019324 0.0019273 9.0000000 
Lithobates_palmipes_MNCN-ADN_50843_Juruena_MatoGrosso_BR    1.1180536 1.0018258 0.0000010 0.0107097 0.0137571 0.0121958 0.0121958 0.0024693 0.0024693 0.0049692 0.0049658 0.0036805 0.2117710 0.0036979 0.0101132 0.0049692 0.0130656 0.0118568 0.0022009 0.0103168 0.0113535 0.0055076 0.0092242 0.0092242 0.0092242 0.0092761 0.0092761 0.0092597 0.0138377 0.0107856 0.0107856 0.0138580 0.0107389 0.0152507 0.0152507 0.0137773 0.0056486 0.0000010 0.0107973 0.0075428 0.0121798 0.0135575 0.0107205 0.0135575 0.0009330 0.0049989 0.0049989 0.0038209 0.0107205 0.0156255 0.0156255 0.0258456 0.0106709 0.0106709 0.0039063 0.0000000 0.0000010 0.0298736 0.0098469 0.0098756 0.0180315 
Lithobates_palmipes_MNCN-ADN_50844_Juruena_MatoGrosso_BR    1.1180536 1.0018258 0.0000010 0.0107097 0.0137571 0.0121958 0.0121958 0.0024693 0.0024693 0.0049692 0.0049658 0.0036805 0.2117710 0.0036979 0.0101132 0.0049692 0.0130656 0.0118568 0.0022009 0.0103168 0.0113535 0.0055076 0.0092242 0.0092242 0.0092242 0.0092761 0.0092761 0.0092597 0.0138377 0.0107856 0.0107856 0.0138580 0.0107389 0.0152507 0.0152507 0.0137773 0.0056486 0.0000010 0.0107973 0.0075428 0.0121798 0.0135575 0.0107205 0.0135575 0.0009330 0.0049989 0.0049989 0.0038209 0.0107205 0.0156255 0.0156255 0.0258456 0.0106709 0.0106709 0.0039063 0.0000010 0.0000000 0.0298736 0.0098469 0.0098756 0.0180315 
Lithobates_palmipes_MHNLS_17185_ElTocuco_Zulia_VE           1.0564484 0.9013267 0.0387908 0.0486435 0.0533932 0.0465237 0.0465237 0.0075461 0.0075461 0.0050025 0.0101177 0.0073997 0.2204285 0.0036526 0.0154577 0.0050025 0.0490451 0.0435146 0.0396776 0.0476839 0.0430245 0.0055473 0.0464170 0.0464170 0.0464170 0.0505914 0.0505914 0.0504513 0.0488329 0.0443756 0.0443756 0.0489405 0.0447664 0.0504507 0.0504507 0.0447730 0.0056768 0.0388338 0.0504876 0.0128100 0.0384169 0.0500216 0.0487168 0.0500216 0.0332281 0.0049713 0.0049713 0.0038397 0.0464170 0.0421535 0.0421535 0.0257670 0.0327135 0.0327135 0.0038909 0.0298736 0.0298736 0.0000000 0.0347513 0.0348118 0.1014259 
Lithobates_palmipes_MTR_ALCX215P55                          1.1527659 0.9993697 0.0109639 0.0202504 0.0236141 0.0218625 0.0218625 0.0051045 0.0051045 0.0077066 0.0077009 0.0056941 0.2045736 0.0018902 0.0077506 0.0077066 0.0235884 0.0000010 0.0090794 0.0207357 0.0203566 0.0083186 0.0186312 0.0186312 0.0186312 0.0187458 0.0187458 0.0187095 0.0023519 0.0000010 0.0000010 0.0023547 0.0023433 0.0065344 0.0065344 0.0023434 0.0038747 0.0109733 0.0189408 0.0051372 0.0053065 0.0232367 0.0202726 0.0232367 0.0113686 0.0025525 0.0025525 0.0019671 0.0202726 0.0123428 0.0123428 0.0244393 0.0009071 0.0009071 0.0019324 0.0098469 0.0098469 0.0347513 0.0000000 0.0000010 0.0018825 
